00
1 0 0 0

NOT:
0 0 0 0

0 0
0 0

0

---

10 (=2)
01 00 00 00

NOT:
0 0 0 0

00
00

0

AND:
0 1 1 0

0 0
0 1

1 0
1 0

1

---

10
01 01 00 00

NOT
0 000 0 0

0 0
0 0

0

AND:
0 100 1 0

0 0
0 1

1 0
1 0

1

OR:
0 001 1 0

-0-
0 0
0 0

-1-
0 1
0 1

-2-
1 0
1 1

-3-
1 01
1 01

-4-
1 11
1 11

-out-
001

---------
100110000000000000000001010000000111010010111011000110010011001101101010110
100110000000000000000001010000000111010010111011000110010011001101101010110
100110000000000000000001010000000111010010111011000110010011001101101010110
1001010000000000000000001001000000011101001011010110001100100110011011010101100011011000110010010011000101100101101011100010
----head:
10
01 10 00 00
-
NOT:
00 0 0
-NAND-
000
0 0
0 0
- out-
0 0
-
AND :
10 1 0
-NAND-
000
0 0
0 1
-NOT-
110
1 00
-out-
1 0
-
OR:
11 1 0
- NOT -
110
0 0
-NOT-
110
0 1
-AND-
001
1 0 0
1 1 0
-NOT-
110
1 01 0
-out-
11 0