00
1 0 0 0

NOT
0 0 0

- NAND -
00
0 0
0 0

0 0

---

10
01 00 00 00

NOT:
0 0 0

- NAND -
000
0 0
0 0

0 0

-

AND:
1 1 0

- NAND -
000
0 0
0 1

- NOT -
110
1 0 0

- out -
1 0

---
head:
10
01 10 00 00
-
NOT:
00 0 0
-NAND-
000
0 0
0 0
- out-
0 0
-
AND :
10 1 0
-NAND-
000
0 0
0 1
-NOT-
110
1 00
-out-
1 0
-
OR:
11 1 0
- NOT -
110
0 0
-NOT-
110
0 1
-AND-
001
1 0 0
1 1 0
-NOT-
110
1 01 0
-out-
11 0

-------

head:
10
01 01 00 00
-
NOT:
000 0 0
-NAND-
000
0 0
0 0
-out-
0 0
-
AND:
100 1 0
-NAND-
000
0 0
0 1
-NOT-
110
1 0 0
-out-
1 0
-
OR:
110 1 0
-NOT-
110
0 0
-NOT-
110
0 1
-AND-
001
1 0 0
1 1 0
-NOT-
110
1 01 0
-out-
11 0
-
XOR:
001 1 0
-NOT-
110
0 0
-NOT-
110
0 1
-AND-
001
0 0
1 1 0
-AND-
001
0 1
1 0 0
-OR-
101
1 01 0
1 11 0
-out-
001 0
