header:
10
01 11 11 11
NOT:
0000 0000 0000
-NAND-
000
0 0
0 0
-out-
0 0
--
AND:
1000 1000 0000
-NAND-
000
0 0
0 1
-NOT-
110
1 0 0
-out-
1 0
--
OR:
1100 1000 0000
-NOT-
110
0 0
-NOT-
110
0 1
-AND-
001
1 0 0
1 1 0
-NOT-
110
1 01 0
-out-
11 0
--
XOR:
0010 1000 0000
-NOT-
110
0 0
-NOT-
110
0 1
-AND-
001
0 0
1 0 0
-AND-
001
0 1
1 1 0
-OR-
101
1 01 0
1 11 0
-out-
001 0

--

NOT16:
1111 1111 1111
-NOT-
110
0 0000
-NOT-
110
0 1000
-NOT-
110
0 0100
-NOT-
110
0 1100

110
0 0010

110
0 1010

110
0 0110

110
0 1110

110
0 0001

110
0 1001

110
0 0101

110
0 1101

110
0 0011

110
0 1011

110
0 0111

110
0 1111
-out-
0    0000
1    0000
01   0000
11   0000
001  0000
101  0000
011  0000
111  0000
0001 0000
1001 0000
0101 0000
1101 0000
0011 0000
1011 0000
0111 0000
1111 0000
